0
0
0
0
0
0
0
0
0
0
0
0
0
0
0
0.000502988
0.000839391
0.00157519
0.002931744
0.004788429
0.006368633
0.007876366
0.009603254
0.011696319
0.013370218
0.01539326
0.017780027
0.020686567
0.023795491
0.027273793
0.031810038
0.034706239
0.038204944
0.039261453
0.038721546
0.038269461
0.03450934
0.030124709
0.024984375
0.020836012
0.016111444
0.011155811
0.007588124
0.004465313
0.002742491
0.001692317
0.001029103
0.000577747
0.000344795
0.000513648
0
0
0
0
0
0
0
0
0
0
0
0
0
0
0
0
0
0
0
0
0
0
0
0
0
0
0
0
0
0
0
0
0
0
0
0
0
0
0
0
0
0
0
0
0
0
0
0
0
0
0