16 16
0.277842 -0.035319 0.001159 -0.006420 0.000846 0.009327 -0.052356 -0.053854 0.010913 0.029467 -0.003653 -0.005981 0.002643 -0.008180 -0.008164 -0.008392 
-0.042384 0.235491 -0.021825 -0.000159 0.004083 0.005602 -0.001944 -0.020423 -0.057110 0.011055 0.028262 -0.011716 -0.009236 -0.002579 0.006693 -0.013062 
0.006443 -0.047685 0.194165 -0.008790 -0.002334 0.007288 0.014401 -0.005273 -0.047565 -0.005019 0.007848 -0.007663 0.002996 0.001198 -0.001891 -0.012950 
-0.000840 0.011020 -0.055953 0.197137 -0.054551 0.002914 0.010747 0.006078 -0.014227 -0.046033 -0.002179 0.005790 -0.004106 -0.003884 0.003420 0.008626 
0.015353 0.005366 0.026719 -0.081704 0.456788 -0.146026 -0.022601 -0.026426 0.042185 -0.115049 -0.030267 -0.009339 0.026921 0.006782 -0.012355 -0.000891 
-0.004620 0.030226 0.022285 0.025558 -0.223318 0.525572 -0.166432 -0.041954 -0.025988 0.089238 -0.140318 -0.048456 0.013549 0.005234 0.008717 0.021155 
-0.016213 -0.024442 -0.014360 0.028802 -0.010453 -0.169412 0.552718 -0.211586 -0.004871 -0.067712 0.031625 -0.079569 -0.047231 0.019375 0.023234 -0.022075 
-0.051766 -0.042011 -0.009648 0.009360 0.041232 -0.063403 -0.119521 0.592659 -0.312949 -0.059470 0.018501 -0.002682 -0.038785 -0.038310 -0.014672 0.029794 
0.016474 -0.016719 -0.037967 -0.004917 -0.003596 -0.011595 -0.124219 -0.182772 0.742456 -0.273210 -0.171736 0.111606 0.010771 -0.024726 -0.028702 0.045790 
-0.026440 0.009424 0.044244 -0.123986 -0.054299 0.041197 -0.090024 -0.157582 -0.180065 1.088396 -0.355763 -0.001655 0.048166 0.037439 -0.005323 -0.101126 
0.050583 -0.012800 -0.063432 0.015868 -0.041959 -0.131068 0.076867 0.092596 -0.206550 -0.677924 1.252473 -0.385195 -0.022968 0.010913 0.015499 -0.037627 
-0.050347 -0.042505 -0.000621 -0.038074 0.048989 -0.121331 -0.139275 0.062830 -0.033179 0.128199 -0.483297 1.237198 -0.323543 -0.057165 0.027856 -0.060155 
-0.030106 0.017256 0.017212 -0.015417 -0.019257 0.022550 -0.075927 -0.117784 0.094501 -0.026491 0.095241 -0.424351 1.386189 -0.302445 -0.192876 -0.013071 
0.012845 0.002517 -0.000269 0.019385 -0.022367 0.073699 -0.101438 -0.058972 -0.053200 0.101302 0.027740 -0.227694 -0.364905 1.246803 -0.227038 -0.112486 
0.053407 -0.014669 -0.001135 -0.000473 0.036022 -0.081045 0.182615 0.000677 -0.194240 -0.055584 0.087000 0.198994 -0.586436 -0.491780 1.612044 -0.647211 
-0.070633 0.004261 -0.051986 0.010305 0.035575 0.176488 0.004464 0.013539 0.162142 -0.188814 -0.550512 -0.173815 0.165677 -0.378465 -0.689006 2.205046 
