0.997581319
0.999825456
0.99989411
0.99988148
0.999882373
0.999888884
0.999933168
0.99994958
0.99991925
0.999928533
0.999943286
0.999949625
0.999930362
0.999931637
0.999902322
0.999933921
0.999900922
0.999855907
0.999855782
0.999820803
0.999854847
0.999873737
0.99983904
0.999867907
0.999845956
0.999814549
0.999817543
0.999842284
0.999829092
0.999810694
0.999812666
0.999793457
0.999762221
0.999706651
0.999708719
0.999730213
0.999631862
0.99963854
0.99961196
0.999593741
0.99952423
0.999414573
0.999388156
0.999376901
0.999253328
0.999286779
0.999143356
0.999035615
0.998925527
0.998774561
0.998778335
0.998526592
0.998412852
0.998134537
0.998048098
0.997663327
0.99766668
0.997268298
0.997085124
0.996726788
0.996626057
0.996192516
0.995701332
0.995313003
0.995179238
0.994762797
0.994447484
0.993515905
0.993075458
0.992605988
0.992061728
0.9914794
0.990639498
0.989342573
0.987807112
0.986719482
0.98520626
0.982474567
0.980034684
0.976874293
0.974451026
0.970982787
0.966361778
0.958728848
0.952026893
0.943535296
0.933860052
0.925675467
0.912570037
0.897761323
0.880473494
0.865758457
0.843830332
0.827419783
0.801073338
0.777633602
0.749628453
0.729548575
0.700438912
0.674503674
0.56793983